runfile('C:/Users/rober/Downloads/CSTU/Algorithms/homework/project-wk6.py', wdir='C:/Users/rober/Downloads/CSTU/Algorithms/homework')
Reloaded modules: linked_queue, quick_queue, quick_inplace

Original List:
[23, 45, 50, 13, 100, 4, 28, 46, 37]

Sorted by not inplace quick sort: 
[4, 13, 23, 28, 37, 45, 46, 50, 100]

Sorted by inplace quick sort: 
4, 13, 23, 28, 37, 45, 46, 50, 100, 
Input number from 100-10000: 1000

Generated  1000 random numbers: 
[0.528289119090352, 0.7796525814616448, 0.07720927867199334, 0.9985852535058382, 0.9362414344977181, 0.8995602218786642, 0.1054915905961532, 0.964251277511803, 0.7926889328115174, 0.18292274494483352, 0.6806375667632696, 0.6964404084914748, 0.41515996458308657, 0.37504035547369785, 0.20960969682181707, 0.8108507699984887, 0.8411463416505292, 0.921531929121351, 0.8988429541720442, 0.2249524974932059, 0.884081673618551, 0.28351557775923164, 0.6462479599663817, 0.756073479323786, 0.6560571039752479, 0.9252199452460599, 0.08068562794416478, 0.6033254841740175, 0.9090533808249989, 0.3661286373467969, 0.8726604675323099, 0.018208340873899775, 0.14402002038195594, 0.5913799558127857, 0.319106759870986, 0.28605343365873004, 0.6904203743184499, 0.04644535666520999, 0.49787103203419325, 0.02425144558059733, 0.09023819682534062, 0.24635017031669704, 0.3819632573304189, 0.6736119116309439, 0.23048129505529447, 0.44795134189058483, 0.9379971199008987, 0.8503931548633022, 0.17810573780489247, 0.3234862173685449, 0.19237011771418666, 0.2672626273082136, 0.8682122778612276, 0.4255650073863203, 0.11665595477234747, 0.7289196030813089, 0.7374147439251872, 0.4022299053505348, 0.9994503767718647, 0.17930067824130203, 0.4634197740074173, 0.5762154220041042, 0.3974285587368078, 0.1381166233534441, 0.8090381428823861, 0.13629748987489576, 0.09620339742478856, 0.6832093070955919, 0.4178036560829288, 0.2040007797625054, 0.7592447554496977, 0.5949904653371979, 0.815431399634417, 0.8003392990094296, 0.8960391313762077, 0.14307070892541351, 0.04241816660270126, 0.4400844722411621, 0.32161589654624034, 0.5660702125698676, 0.0017478708747712401, 0.44765347307264003, 0.5477823768304673, 0.06634119506286695, 0.676909538543411, 0.1449988572044526, 0.009855582386725348, 0.32410356951007824, 0.9654200299459996, 0.18094032472819044, 0.2032083930358386, 0.8948788384393779, 0.5996068678035432, 0.08100222113641609, 0.025128552481717525, 0.6971171995335815, 0.7694070751882778, 0.4782989109247806, 0.9109591953075943, 0.0201154309595587, 0.8895816282355811, 0.22372230798764792, 0.6326454669590018, 0.35223691645693755, 0.8231610253515944, 0.3888367478261384, 0.831804134735915, 0.6998224135553012, 0.842791364141679, 0.9679234548773751, 0.6465819801164474, 0.21918606305250965, 0.48031380623998976, 0.27344198564796285, 0.7058140141807266, 0.6131747400751993, 0.8250564220648643, 0.20674353227784525, 0.7108861034043084, 0.043617560805958355, 0.1650813366846957, 0.06373285696585995, 0.7670017464206355, 0.1218728119175363, 0.18859534676396927, 0.12625895917893992, 0.4682610793449815, 0.3210980894279378, 0.18738261681502077, 0.3025710397223009, 0.1170518632131281, 0.9858806552210266, 0.37429479679616207, 0.2395866188043856, 0.13942104260035992, 0.43622259113916073, 0.8061240731624936, 0.6170107572280845, 0.7069128753046804, 0.5913337411827307, 0.9442225357936527, 0.6581360919102415, 0.6975560167408037, 0.7390715414581578, 0.1248256350347704, 0.11090508987004744, 0.24046885249666983, 0.7622453434132823, 0.4491546526742912, 0.7107063865315243, 0.39398285262598154, 0.740575646906716, 0.21674606791428563, 0.9154255622725823, 0.7488924388899162, 0.771930735406428, 0.39549749153601355, 0.08499411081460162, 0.48199660277291245, 0.6609071993481812, 0.6711868519024481, 0.33586646173337587, 0.20299315042470512, 0.976122626374801, 0.7354241958374305, 0.21947781139940303, 0.8707862065442636, 0.3745815702614288, 0.4659429120791161, 0.9640208364134141, 0.7377863367481025, 0.8568316250836107, 0.9532062906881318, 0.0055656746684329406, 0.7974037771691962, 0.6128176023638622, 0.8297462435392854, 0.23627657432701143, 0.579599332376822, 0.9233092579135211, 0.09360958668198915, 0.1974906561384493, 0.5908523497569057, 0.9371408624329207, 0.22093339138713208, 0.16934006108225863, 0.09266187057986075, 0.3499774085786417, 0.054045032903519474, 0.3083443085152403, 0.2644815943486468, 0.23907423072442935, 0.15821574983457565, 0.1211065937083694, 0.034155301415696226, 0.15692413748852208, 0.18347985350171647, 0.9268363740215988, 0.9542978898172103, 0.384111965057396, 0.7279047335571048, 0.574733810360392, 0.938230375775323, 0.2224005976215595, 0.6489143841950341, 0.8123921251481222, 0.4776839053325901, 0.061340238459029695, 0.7903992715673097, 0.20686282151420665, 0.8068097924646086, 0.5164711720621074, 0.6533261568273471, 0.870237195498672, 0.3718000753964983, 0.979699064667582, 0.20764778798154604, 0.3941861880023151, 0.07193023852479663, 0.7761995843174477, 0.4090298790164285, 0.5557599817212432, 0.9452698072360026, 0.7192277111169686, 0.006521733380771111, 0.3606042665213606, 0.5250734285132445, 0.24692747256369063, 0.4055427397479736, 0.12593066637973427, 0.41757481082352754, 0.002115478668370585, 0.9967671640655862, 0.26771937417372615, 0.874907019515141, 0.21543471698847527, 0.24675927605540693, 0.6974858454299018, 0.21516424345292295, 0.9471307802193638, 0.8164199705375034, 0.8344886221064464, 0.8678745047817651, 0.6031958621902501, 0.1895366837290977, 0.5339032527500933, 0.4839284727560499, 0.5112254508351486, 0.006780267064609213, 0.7791480915948543, 0.06357257509546066, 0.5201863296123741, 0.959310213726995, 0.02048115550822116, 0.4808933630131681, 0.3350290528260754, 0.038743906378858606, 0.9292161674707713, 0.4613479736265155, 0.03568736739331724, 0.6405420823961991, 0.3435631962627054, 0.2598150041017837, 0.9040066409244165, 0.4330540687396136, 0.2369768861041298, 0.7714363525294436, 0.053659522756843714, 0.1902293615391788, 0.39012037569940317, 0.27603894992159594, 0.8425266499345607, 0.7854765986361151, 0.12879629368673562, 0.19264000647363178, 0.7815931024380782, 0.39832599694659554, 0.029985041610334884, 0.16273586375231364, 0.7672868728666604, 0.45869970797201665, 0.8720199193752225, 0.8585997584253109, 0.9504649258035461, 0.7107559239900956, 0.10765905358344663, 0.6705412798071876, 0.9277592735420507, 0.3842626176876345, 0.24803923265355243, 0.583310288226176, 0.5729374217670343, 0.47538954756214424, 0.05032946316105891, 0.0038168195860385223, 0.5444807655327716, 0.19682525617795965, 0.020857874130901788, 0.20053105452054132, 0.76733509681507, 0.5794786530170064, 0.14374466100131056, 0.5107009022481744, 0.5352887589165123, 0.6492817295162919, 0.4617585243532457, 0.8858285842186099, 0.287735275249677, 0.2920765494196902, 0.09221176237033812, 0.7150669597317956, 0.3060108475379524, 0.4828396895124599, 0.1327644757857157, 0.3782642724557804, 0.10018063025217017, 0.8258220877041026, 0.9465827918668828, 0.4622958438415764, 0.8095776927060759, 0.6612851679447446, 0.10488670399805089, 0.26334912795887944, 0.6020981309458104, 0.36400693743933354, 0.10508239583216938, 0.3919185812092515, 0.43649950623089606, 0.8831528366636706, 0.7539654873178753, 0.323305575273545, 0.7782505264676783, 0.2364514768763527, 0.26607545463199445, 0.057681121414330905, 0.0018561119665675418, 0.7651914741324728, 0.7322596758392559, 0.6881713096376237, 0.5231691642678781, 0.5931162450393584, 0.6489499231575997, 0.4399256910308226, 0.8601896113875012, 0.15255884870429037, 0.40056205617484886, 0.9064817000169153, 0.5929410890833822, 0.6182052953509805, 0.22304515695890215, 0.7862020163317959, 0.8394957474946415, 0.3946406432335152, 0.9187908968202557, 0.5461562464266004, 0.766569243638577, 0.8369312200736293, 0.16137282951765386, 0.8760262338218134, 0.6566207847979679, 0.9454637743226998, 0.17749878763091287, 0.5140387181289638, 0.3657643997916311, 0.14957080731797756, 0.2991091426879994, 0.27460287449947374, 0.7526851623904337, 0.0767146645637844, 0.4204278166488974, 0.18927869356410254, 0.5534080005938106, 0.6736059929106964, 0.5264491626550095, 0.8832460304335937, 0.5822516483769253, 0.34414793475717287, 0.8902528485460133, 0.17390958834194314, 0.6123377849277959, 0.9023859950810016, 0.4439706830094762, 0.43797280200077726, 0.09184975634521664, 0.01054485414698747, 0.42742236444203086, 0.959700390681454, 0.3335577659244383, 0.8419280802047686, 0.6463434433285742, 0.12146557540607184, 0.5078839971754773, 0.5580549655524077, 0.12479701203493454, 0.3072593630498053, 0.051707260877149386, 0.9184530813261342, 0.6055948483527064, 0.5965845592354334, 0.4648990107658735, 0.21522738430130572, 0.1723587333936356, 0.6855313327030156, 0.4049662809743988, 0.9362794162777113, 0.7240069296763585, 0.22802900364339962, 0.7436985682467602, 0.2698818342868038, 0.1271370418431953, 0.39490577653990566, 0.7874431296014905, 0.5978716314772714, 0.0320153024111377, 0.7931406495137827, 0.4129221293244346, 0.10649269480543078, 0.26347314008819434, 0.779408360017708, 0.2914994080385548, 0.8392884835475655, 0.8251993475402835, 0.7326169575105517, 0.1681051949700878, 0.9467986086521848, 0.8086706882182707, 0.42685543790441827, 0.7947526555135428, 0.49310759898644363, 0.289577825187309, 0.9019255809264518, 0.5240154179825849, 0.4660910831728956, 0.968755224523214, 0.7429828262455717, 0.9748280176434889, 0.9644224408921127, 0.6030280143841743, 0.4440123588314897, 0.9811353730955619, 0.5809711826423436, 0.7482381660338879, 0.6706955500159462, 0.39096156202500176, 0.6987965846462647, 0.49206212217034184, 0.4883314597426436, 0.03343799913147394, 0.9074792027676133, 0.6627416531209731, 0.9901289931932118, 0.48587862697627027, 0.7141765550373055, 0.6300779072408574, 0.6498236158273688, 0.32335103128820375, 0.6775100145502911, 0.09544941613370106, 0.34246655582620555, 0.13501891063983917, 0.06449994987632901, 0.42771347566913076, 0.6725760762238434, 0.17077397910329628, 0.4236591574214653, 0.32110341321605274, 0.8602436301673496, 0.8570443158646647, 0.5614121810129434, 0.08089704966853328, 0.2606139338803264, 0.9328344989588547, 0.612388941792524, 0.7888083211430243, 0.5910498709228085, 0.9740056868507712, 0.31060242386962555, 0.33723214088640274, 0.8950388211768455, 0.14382313971056893, 0.3836445150092007, 0.5816847484317047, 0.6597432722309167, 0.16706400707652702, 0.5517011495647242, 0.013343596991616358, 0.924019283798937, 0.5932710262220228, 0.7883549902911563, 0.020084246660146743, 0.4504067166646155, 0.7457307124622882, 0.9432512294153229, 0.047004145381178586, 0.8603702790497372, 0.8012582005254619, 0.23987054631383964, 0.375126801487331, 0.26729851703140195, 0.5485218393995268, 0.47708363468123316, 0.6022076274928111, 0.9038036133896851, 0.48781041522572366, 0.11834973308816532, 0.2387229375074943, 0.9581079298123472, 0.06017137768558822, 0.5372129121051713, 0.6034904812241662, 0.9812014758967638, 0.6822067147624034, 0.7415898279730304, 0.3409040021604963, 0.4888234712298305, 0.18621967501505843, 0.10626676856349626, 0.0746499949086048, 0.36935685249068984, 0.7481105160916641, 0.3077268977178951, 0.028294457937480977, 0.5720133026191855, 0.1969744838220604, 0.06474990609193987, 0.12461159087823637, 0.7676143730040166, 0.6951338489222192, 0.21477422429502835, 0.9953961872605924, 0.8631867885207054, 0.3662910486731925, 0.8352596843838549, 0.9298477340798207, 0.7140181304559073, 0.18433886763367935, 0.7949444020177462, 0.33720383327189307, 0.2445156046864625, 0.99548195873458, 0.8048331384402572, 0.4496281359933252, 0.9676518107050994, 0.6045276810402918, 0.7895616691042353, 0.745505298413487, 0.13781466181515867, 0.7174448086371877, 0.257639409634551, 0.20660229992036383, 0.6788119462809402, 0.23136873561800675, 0.909632648953883, 0.3615322018744822, 0.7482937177370271, 0.3486939047952171, 0.9652374744390717, 0.584236430837794, 0.4271358623806806, 0.39956258514913023, 0.8231128602558732, 0.4338019879874686, 0.5722854518052487, 0.32057792055454404, 0.954188524768965, 0.42651442453565236, 0.024188917457699133, 0.4687792165214464, 0.5495705297472576, 0.939210514933096, 0.7989870751330028, 0.07027801021394764, 0.631655913131623, 0.009950355619282147, 0.47068992977808866, 0.6087005268393968, 0.9289918794114563, 0.34902016144612946, 0.6633052743871243, 0.06733499236188845, 0.19316605863073977, 0.009872910625136622, 0.3700669049234546, 0.9018910373342687, 0.3975376773626288, 0.8645720232932749, 0.2188282885224876, 0.8765651398016017, 0.7281481235508108, 0.9581227748342266, 0.27723476561303373, 0.7312855884838023, 0.24416744051057782, 0.6891467611148637, 0.7493836808813238, 0.7401731439294694, 0.3859414766806071, 0.401642544437958, 0.5053617370345547, 0.31353832018041583, 0.639802960630047, 0.014553429295246167, 0.04257982062586574, 0.8943454516340738, 0.5374794704276019, 0.9507783250583719, 0.5040942085916661, 0.20169923241336218, 0.1999338087145034, 0.9038081024426496, 0.23943218829103952, 0.2638485854932633, 0.966283399076032, 0.41775489507747576, 0.5772170161240252, 0.20706066790614863, 0.7933244690358742, 0.4324213264331268, 0.0668164915822046, 0.009644083633273848, 0.5093909491743506, 0.6963746861433436, 0.21805827388316257, 0.7163897418349989, 0.7374890911217435, 0.1652886406843309, 0.9767254055350318, 0.220006031006318, 0.06343920039432971, 0.06353857110603967, 0.2482035125768457, 0.07093168428523089, 0.7058733272669926, 0.48032116075589926, 0.9473226434814868, 0.31045961155990964, 0.11002235705683283, 0.3434628205255583, 0.07484113785927737, 0.9918599686884432, 0.29890945776096045, 0.5945966746771584, 0.8639513687713606, 0.6698722287414951, 0.7607322507283736, 0.7738867562995688, 0.7893105933850969, 0.380873458483193, 0.9214829061035815, 0.08494570528427625, 0.8507338779584893, 0.6124813228698587, 0.8807175287180422, 0.4564867791915719, 0.6481394279823164, 0.1655474939024456, 0.24873702545042808, 0.8947254152781954, 0.7215873365219402, 0.8282374239740037, 0.2394693557748886, 0.2940084585407756, 0.10502198203703428, 0.8685155392540509, 0.39373892232568763, 0.6847110754678551, 0.590851725676626, 0.26379580773860667, 0.29540775340001557, 0.4741325295743912, 0.6366072033754847, 0.7305312684305384, 0.211635037370565, 0.2240414017544854, 0.9612558217890655, 0.7352992817679421, 0.052702899053114316, 0.294363466555692, 0.5438798633748901, 0.432967753066117, 0.5464017807372842, 0.5984075568778342, 0.5007347581060837, 0.45401819709175073, 0.15622143073232364, 0.8201279230282188, 0.8994141146748892, 0.2511761977141377, 0.059653735667759555, 0.4982900515010137, 0.3358680069781421, 0.26787113859276424, 0.3461541395513378, 0.8145156420949824, 0.06487123521806049, 0.9566334626070221, 0.020991159490830635, 0.8045051566516317, 0.389382789719648, 0.20358787076312823, 0.8819329394031938, 0.05598292204475852, 0.6693053605622089, 0.4151896738597761, 0.49409645135354174, 0.6437458899213341, 0.14983703891340594, 0.6330503328845473, 0.7103789039433177, 0.20879999323105536, 0.5698204542891401, 0.13949649151319699, 0.2813300796798234, 0.7510533544472782, 0.8047672175908116, 0.6635439995532009, 0.7101042531231467, 0.5960808297600366, 0.08762793470151364, 0.2876845845757722, 0.023109580143439556, 0.8563044564120541, 0.040339460601969246, 0.4822964353222964, 0.738784987587342, 0.29504236263952277, 0.892985573257975, 0.8934555050327707, 0.954771395911964, 0.11738278881788855, 0.4217738492098828, 0.9865395104119077, 0.097688423188937, 0.8697969409221114, 0.04475566944934639, 0.542403169141961, 0.344546035150352, 0.5596629580572676, 0.5902142155638576, 0.06903640400720013, 0.017828836556846528, 0.6566092314551898, 0.226564727693934, 0.05576212873256303, 0.3191853405960725, 0.550503186969854, 0.5986932653176464, 0.09096224568627742, 0.44597999649429476, 0.5931549283343962, 0.4128949880523324, 0.18062033567145652, 0.18622650787235406, 0.1750835908039795, 0.9157886737613211, 0.3801617582921303, 0.640940294921397, 0.1497676524936138, 0.6555162281623306, 0.4273512620470764, 0.7905388990951472, 0.9366056088020813, 0.2168646432653507, 0.8528367110662608, 0.9528447563791771, 0.059158549215119205, 0.49241624077046453, 0.46725848067545606, 0.6016151889276237, 0.8926057211181172, 0.36829464858048233, 0.007983924910723084, 0.10451017508203453, 0.2426837076259769, 0.09442218699276061, 0.5753392476172812, 0.07221202627483181, 0.21454980299975934, 0.017333091169368875, 0.44374177248644764, 0.8477777200877241, 0.9335972757274008, 0.28039628011416473, 0.8203304457063385, 0.8120958221292048, 0.7930127497205595, 0.37013078072352457, 0.23917951356224343, 0.5098609557548395, 0.8156088142871254, 0.6572742698474848, 0.819148956166957, 0.21231485602268285, 0.37283128287388956, 0.47225440592441603, 0.2752953142526382, 0.48301483180628824, 0.1897415509816457, 0.1303263586235195, 0.8096373092764236, 0.3270484780196028, 0.10399020616793297, 0.3623404979172047, 0.25059115076211536, 0.19563698515133632, 0.07113192232490706, 0.10106297227915617, 0.9784734157520109, 0.4494927785705992, 0.2724880667788986, 0.671720385645444, 0.9070018186550783, 0.06890523920411906, 0.022432421914903244, 0.7010335873431086, 0.7859498808275309, 0.20515969550321522, 0.8545173162939073, 0.4383345557177585, 0.9517604769637881, 0.5337592498196168, 0.6563675104757882, 0.05335287030204816, 0.19903829874701606, 0.2083502001232741, 0.6858104244552896, 0.03924314391828687, 0.7251533428085503, 0.9002804870943343, 0.684398413355262, 0.8869967494057504, 0.6161073852012837, 0.1259269316170546, 0.10720429974345835, 0.8720468715116843, 0.8358645661145861, 0.5466171471321475, 0.42246984944343324, 0.4587467255366898, 0.33789316218359733, 0.3393087276954042, 0.6539337510016815, 0.08176785596585667, 0.5628754872349275, 0.4272409861541546, 0.6872835065437953, 0.1548235061655121, 0.6181400277913406, 0.6585337755105566, 0.5120239326394743, 0.5607213770081362, 0.9503736635612372, 0.32562206007809424, 0.7361784417208315, 0.6042649901536303, 0.6776453023989756, 0.34843157393436386, 0.8742384253788643, 0.10261111952346824, 0.5674536774268336, 0.48946505567544696, 0.05079651605311275, 0.5371691520154047, 0.13846980514585516, 0.00011796903897776101, 0.030301037274692022, 0.45454682591839435, 0.17902435531994254, 0.02260429546330678, 0.6693858275511391, 0.04273189054979787, 0.20502344202580225, 0.8459429431481095, 0.4338757145053187, 0.6210815993537931, 0.027385259902416803, 0.8071441179027083, 0.749783779586382, 0.8212484506171873, 0.44819002572996125, 0.4711735386900835, 0.6477145280418948, 0.6918389895677665, 0.4014829300265095, 0.9984173829274583, 0.18581121845174686, 0.3725868081699363, 0.40864939359881136, 0.9567636648443089, 0.25466230693554404, 0.6319458031206785, 0.6419031228259208, 0.16063525600791073, 0.27318899709199396, 0.8233072723429166, 0.2628617090999178, 0.062314245972818205, 0.48580040199810093, 0.8198092371671354, 0.6031527657236316, 0.7182758423441955, 0.3728976428256394, 0.24050691472388086, 0.07314182571030503, 0.6039454691601317, 0.8055407905269043, 0.1946263724460725, 0.058010375216393406, 0.34937496400490964, 0.979756307490017, 0.7770767402539341, 0.8074388724079591, 0.833501906979943, 0.49649900534734126, 0.18729498723296367, 0.713124085700883, 0.9142154483630525, 0.7128334694135547, 0.40725528710098435, 0.4101988922907541, 0.04243948527084063, 0.787103436744057, 0.6757697672913725, 0.8837156317302902, 0.012591332017044654, 0.5321186152977865, 0.08788289767653223, 0.6675580789876951, 0.960811044843996, 0.9912474637549311, 0.02240910960093756, 0.780342557643451, 0.7804113939555887, 0.18536522366700825, 0.8228436900260456, 0.7129777619748687, 0.9679784527541792, 0.5723594838733135, 0.6714153951405091, 0.6313141613263014, 0.030119092547661097, 0.41884633202255717, 0.5378809909428828, 0.34836958181571986, 0.9581822571146066, 0.8874033159039181, 0.863004120009204, 0.6368035651830907, 0.6510657174816915, 0.054742250128148595, 0.4318660796131083, 0.7870340102534444, 0.2973727143385797, 0.5397248888261252, 0.6263227304023181, 0.34670061926063045, 0.5150567665526989, 0.394272854970912, 0.09495204500243315, 0.766014469775878, 0.4813374097547436, 0.9815570719662756, 0.39864765383536493, 0.9587187907257164, 0.26731270157931275, 0.3204574991609874, 0.9900963214662926, 0.7799386946395813, 0.5968487465723398, 0.17078655585464064, 0.051758683883258993, 0.5412165128302299, 0.281993121907368, 0.6492245889454753, 0.6721224517144896, 0.9185227001150155, 0.1548196314187722, 0.6147066034545091, 0.24262262218596153, 0.5720399883771642, 0.6623500472115519, 0.19322006396600044, 0.8940642978371667, 0.5984121019010791, 0.7130457350146883, 0.06197770974442274, 0.3327802885423088, 0.05804397161638852, 0.321641124022521, 0.9168899631722955, 0.2973306047785337, 0.5063484954436894, 0.7007897546021743, 0.16593716740438136, 0.2873166587862751, 0.23086672519049722, 0.06131596627053004, 0.5094676502187537, 0.04131556518044566, 0.5392575516090884]

Sorted by not inplace quick sort: 
[0.00011796903897776101, 0.0017478708747712401, 0.0018561119665675418, 0.002115478668370585, 0.0038168195860385223, 0.0055656746684329406, 0.006521733380771111, 0.006780267064609213, 0.007983924910723084, 0.009644083633273848, 0.009855582386725348, 0.009872910625136622, 0.009950355619282147, 0.01054485414698747, 0.012591332017044654, 0.013343596991616358, 0.014553429295246167, 0.017333091169368875, 0.017828836556846528, 0.018208340873899775, 0.020084246660146743, 0.0201154309595587, 0.02048115550822116, 0.020857874130901788, 0.020991159490830635, 0.02240910960093756, 0.022432421914903244, 0.02260429546330678, 0.023109580143439556, 0.024188917457699133, 0.02425144558059733, 0.025128552481717525, 0.027385259902416803, 0.028294457937480977, 0.029985041610334884, 0.030119092547661097, 0.030301037274692022, 0.0320153024111377, 0.03343799913147394, 0.034155301415696226, 0.03568736739331724, 0.038743906378858606, 0.03924314391828687, 0.040339460601969246, 0.04131556518044566, 0.04241816660270126, 0.04243948527084063, 0.04257982062586574, 0.04273189054979787, 0.043617560805958355, 0.04475566944934639, 0.04644535666520999, 0.047004145381178586, 0.05032946316105891, 0.05079651605311275, 0.051707260877149386, 0.051758683883258993, 0.052702899053114316, 0.05335287030204816, 0.053659522756843714, 0.054045032903519474, 0.054742250128148595, 0.05576212873256303, 0.05598292204475852, 0.057681121414330905, 0.058010375216393406, 0.05804397161638852, 0.059158549215119205, 0.059653735667759555, 0.06017137768558822, 0.06131596627053004, 0.061340238459029695, 0.06197770974442274, 0.062314245972818205, 0.06343920039432971, 0.06353857110603967, 0.06357257509546066, 0.06373285696585995, 0.06449994987632901, 0.06474990609193987, 0.06487123521806049, 0.06634119506286695, 0.0668164915822046, 0.06733499236188845, 0.06890523920411906, 0.06903640400720013, 0.07027801021394764, 0.07093168428523089, 0.07113192232490706, 0.07193023852479663, 0.07221202627483181, 0.07314182571030503, 0.0746499949086048, 0.07484113785927737, 0.0767146645637844, 0.07720927867199334, 0.08068562794416478, 0.08089704966853328, 0.08100222113641609, 0.08176785596585667, 0.08494570528427625, 0.08499411081460162, 0.08762793470151364, 0.08788289767653223, 0.09023819682534062, 0.09096224568627742, 0.09184975634521664, 0.09221176237033812, 0.09266187057986075, 0.09360958668198915, 0.09442218699276061, 0.09495204500243315, 0.09544941613370106, 0.09620339742478856, 0.097688423188937, 0.10018063025217017, 0.10106297227915617, 0.10261111952346824, 0.10399020616793297, 0.10451017508203453, 0.10488670399805089, 0.10502198203703428, 0.10508239583216938, 0.1054915905961532, 0.10626676856349626, 0.10649269480543078, 0.10720429974345835, 0.10765905358344663, 0.11002235705683283, 0.11090508987004744, 0.11665595477234747, 0.1170518632131281, 0.11738278881788855, 0.11834973308816532, 0.1211065937083694, 0.12146557540607184, 0.1218728119175363, 0.12461159087823637, 0.12479701203493454, 0.1248256350347704, 0.1259269316170546, 0.12593066637973427, 0.12625895917893992, 0.1271370418431953, 0.12879629368673562, 0.1303263586235195, 0.1327644757857157, 0.13501891063983917, 0.13629748987489576, 0.13781466181515867, 0.1381166233534441, 0.13846980514585516, 0.13942104260035992, 0.13949649151319699, 0.14307070892541351, 0.14374466100131056, 0.14382313971056893, 0.14402002038195594, 0.1449988572044526, 0.14957080731797756, 0.1497676524936138, 0.14983703891340594, 0.15255884870429037, 0.1548196314187722, 0.1548235061655121, 0.15622143073232364, 0.15692413748852208, 0.15821574983457565, 0.16063525600791073, 0.16137282951765386, 0.16273586375231364, 0.1650813366846957, 0.1652886406843309, 0.1655474939024456, 0.16593716740438136, 0.16706400707652702, 0.1681051949700878, 0.16934006108225863, 0.17077397910329628, 0.17078655585464064, 0.1723587333936356, 0.17390958834194314, 0.1750835908039795, 0.17749878763091287, 0.17810573780489247, 0.17902435531994254, 0.17930067824130203, 0.18062033567145652, 0.18094032472819044, 0.18292274494483352, 0.18347985350171647, 0.18433886763367935, 0.18536522366700825, 0.18581121845174686, 0.18621967501505843, 0.18622650787235406, 0.18729498723296367, 0.18738261681502077, 0.18859534676396927, 0.18927869356410254, 0.1895366837290977, 0.1897415509816457, 0.1902293615391788, 0.19237011771418666, 0.19264000647363178, 0.19316605863073977, 0.19322006396600044, 0.1946263724460725, 0.19563698515133632, 0.19682525617795965, 0.1969744838220604, 0.1974906561384493, 0.19903829874701606, 0.1999338087145034, 0.20053105452054132, 0.20169923241336218, 0.20299315042470512, 0.2032083930358386, 0.20358787076312823, 0.2040007797625054, 0.20502344202580225, 0.20515969550321522, 0.20660229992036383, 0.20674353227784525, 0.20686282151420665, 0.20706066790614863, 0.20764778798154604, 0.2083502001232741, 0.20879999323105536, 0.20960969682181707, 0.211635037370565, 0.21231485602268285, 0.21454980299975934, 0.21477422429502835, 0.21516424345292295, 0.21522738430130572, 0.21543471698847527, 0.21674606791428563, 0.2168646432653507, 0.21805827388316257, 0.2188282885224876, 0.21918606305250965, 0.21947781139940303, 0.220006031006318, 0.22093339138713208, 0.2224005976215595, 0.22304515695890215, 0.22372230798764792, 0.2240414017544854, 0.2249524974932059, 0.226564727693934, 0.22802900364339962, 0.23048129505529447, 0.23086672519049722, 0.23136873561800675, 0.23627657432701143, 0.2364514768763527, 0.2369768861041298, 0.2387229375074943, 0.23907423072442935, 0.23917951356224343, 0.23943218829103952, 0.2394693557748886, 0.2395866188043856, 0.23987054631383964, 0.24046885249666983, 0.24050691472388086, 0.24262262218596153, 0.2426837076259769, 0.24416744051057782, 0.2445156046864625, 0.24635017031669704, 0.24675927605540693, 0.24692747256369063, 0.24803923265355243, 0.2482035125768457, 0.24873702545042808, 0.25059115076211536, 0.2511761977141377, 0.25466230693554404, 0.257639409634551, 0.2598150041017837, 0.2606139338803264, 0.2628617090999178, 0.26334912795887944, 0.26347314008819434, 0.26379580773860667, 0.2638485854932633, 0.2644815943486468, 0.26607545463199445, 0.2672626273082136, 0.26729851703140195, 0.26731270157931275, 0.26771937417372615, 0.26787113859276424, 0.2698818342868038, 0.2724880667788986, 0.27318899709199396, 0.27344198564796285, 0.27460287449947374, 0.2752953142526382, 0.27603894992159594, 0.27723476561303373, 0.28039628011416473, 0.2813300796798234, 0.281993121907368, 0.28351557775923164, 0.28605343365873004, 0.2873166587862751, 0.2876845845757722, 0.287735275249677, 0.289577825187309, 0.2914994080385548, 0.2920765494196902, 0.2940084585407756, 0.294363466555692, 0.29504236263952277, 0.29540775340001557, 0.2973306047785337, 0.2973727143385797, 0.29890945776096045, 0.2991091426879994, 0.3025710397223009, 0.3060108475379524, 0.3072593630498053, 0.3077268977178951, 0.3083443085152403, 0.31045961155990964, 0.31060242386962555, 0.31353832018041583, 0.319106759870986, 0.3191853405960725, 0.3204574991609874, 0.32057792055454404, 0.3210980894279378, 0.32110341321605274, 0.32161589654624034, 0.321641124022521, 0.323305575273545, 0.32335103128820375, 0.3234862173685449, 0.32410356951007824, 0.32562206007809424, 0.3270484780196028, 0.3327802885423088, 0.3335577659244383, 0.3350290528260754, 0.33586646173337587, 0.3358680069781421, 0.33720383327189307, 0.33723214088640274, 0.33789316218359733, 0.3393087276954042, 0.3409040021604963, 0.34246655582620555, 0.3434628205255583, 0.3435631962627054, 0.34414793475717287, 0.344546035150352, 0.3461541395513378, 0.34670061926063045, 0.34836958181571986, 0.34843157393436386, 0.3486939047952171, 0.34902016144612946, 0.34937496400490964, 0.3499774085786417, 0.35223691645693755, 0.3606042665213606, 0.3615322018744822, 0.3623404979172047, 0.36400693743933354, 0.3657643997916311, 0.3661286373467969, 0.3662910486731925, 0.36829464858048233, 0.36935685249068984, 0.3700669049234546, 0.37013078072352457, 0.3718000753964983, 0.3725868081699363, 0.37283128287388956, 0.3728976428256394, 0.37429479679616207, 0.3745815702614288, 0.37504035547369785, 0.375126801487331, 0.3782642724557804, 0.3801617582921303, 0.380873458483193, 0.3819632573304189, 0.3836445150092007, 0.384111965057396, 0.3842626176876345, 0.3859414766806071, 0.3888367478261384, 0.389382789719648, 0.39012037569940317, 0.39096156202500176, 0.3919185812092515, 0.39373892232568763, 0.39398285262598154, 0.3941861880023151, 0.394272854970912, 0.3946406432335152, 0.39490577653990566, 0.39549749153601355, 0.3974285587368078, 0.3975376773626288, 0.39832599694659554, 0.39864765383536493, 0.39956258514913023, 0.40056205617484886, 0.4014829300265095, 0.401642544437958, 0.4022299053505348, 0.4049662809743988, 0.4055427397479736, 0.40725528710098435, 0.40864939359881136, 0.4090298790164285, 0.4101988922907541, 0.4128949880523324, 0.4129221293244346, 0.41515996458308657, 0.4151896738597761, 0.41757481082352754, 0.41775489507747576, 0.4178036560829288, 0.41884633202255717, 0.4204278166488974, 0.4217738492098828, 0.42246984944343324, 0.4236591574214653, 0.4255650073863203, 0.42651442453565236, 0.42685543790441827, 0.4271358623806806, 0.4272409861541546, 0.4273512620470764, 0.42742236444203086, 0.42771347566913076, 0.4318660796131083, 0.4324213264331268, 0.432967753066117, 0.4330540687396136, 0.4338019879874686, 0.4338757145053187, 0.43622259113916073, 0.43649950623089606, 0.43797280200077726, 0.4383345557177585, 0.4399256910308226, 0.4400844722411621, 0.44374177248644764, 0.4439706830094762, 0.4440123588314897, 0.44597999649429476, 0.44765347307264003, 0.44795134189058483, 0.44819002572996125, 0.4491546526742912, 0.4494927785705992, 0.4496281359933252, 0.4504067166646155, 0.45401819709175073, 0.45454682591839435, 0.4564867791915719, 0.45869970797201665, 0.4587467255366898, 0.4613479736265155, 0.4617585243532457, 0.4622958438415764, 0.4634197740074173, 0.4648990107658735, 0.4659429120791161, 0.4660910831728956, 0.46725848067545606, 0.4682610793449815, 0.4687792165214464, 0.47068992977808866, 0.4711735386900835, 0.47225440592441603, 0.4741325295743912, 0.47538954756214424, 0.47708363468123316, 0.4776839053325901, 0.4782989109247806, 0.48031380623998976, 0.48032116075589926, 0.4808933630131681, 0.4813374097547436, 0.48199660277291245, 0.4822964353222964, 0.4828396895124599, 0.48301483180628824, 0.4839284727560499, 0.48580040199810093, 0.48587862697627027, 0.48781041522572366, 0.4883314597426436, 0.4888234712298305, 0.48946505567544696, 0.49206212217034184, 0.49241624077046453, 0.49310759898644363, 0.49409645135354174, 0.49649900534734126, 0.49787103203419325, 0.4982900515010137, 0.5007347581060837, 0.5040942085916661, 0.5053617370345547, 0.5063484954436894, 0.5078839971754773, 0.5093909491743506, 0.5094676502187537, 0.5098609557548395, 0.5107009022481744, 0.5112254508351486, 0.5120239326394743, 0.5140387181289638, 0.5150567665526989, 0.5164711720621074, 0.5201863296123741, 0.5231691642678781, 0.5240154179825849, 0.5250734285132445, 0.5264491626550095, 0.528289119090352, 0.5321186152977865, 0.5337592498196168, 0.5339032527500933, 0.5352887589165123, 0.5371691520154047, 0.5372129121051713, 0.5374794704276019, 0.5378809909428828, 0.5392575516090884, 0.5397248888261252, 0.5412165128302299, 0.542403169141961, 0.5438798633748901, 0.5444807655327716, 0.5461562464266004, 0.5464017807372842, 0.5466171471321475, 0.5477823768304673, 0.5485218393995268, 0.5495705297472576, 0.550503186969854, 0.5517011495647242, 0.5534080005938106, 0.5557599817212432, 0.5580549655524077, 0.5596629580572676, 0.5607213770081362, 0.5614121810129434, 0.5628754872349275, 0.5660702125698676, 0.5674536774268336, 0.5698204542891401, 0.5720133026191855, 0.5720399883771642, 0.5722854518052487, 0.5723594838733135, 0.5729374217670343, 0.574733810360392, 0.5753392476172812, 0.5762154220041042, 0.5772170161240252, 0.5794786530170064, 0.579599332376822, 0.5809711826423436, 0.5816847484317047, 0.5822516483769253, 0.583310288226176, 0.584236430837794, 0.5902142155638576, 0.590851725676626, 0.5908523497569057, 0.5910498709228085, 0.5913337411827307, 0.5913799558127857, 0.5929410890833822, 0.5931162450393584, 0.5931549283343962, 0.5932710262220228, 0.5945966746771584, 0.5949904653371979, 0.5960808297600366, 0.5965845592354334, 0.5968487465723398, 0.5978716314772714, 0.5984075568778342, 0.5984121019010791, 0.5986932653176464, 0.5996068678035432, 0.6016151889276237, 0.6020981309458104, 0.6022076274928111, 0.6030280143841743, 0.6031527657236316, 0.6031958621902501, 0.6033254841740175, 0.6034904812241662, 0.6039454691601317, 0.6042649901536303, 0.6045276810402918, 0.6055948483527064, 0.6087005268393968, 0.6123377849277959, 0.612388941792524, 0.6124813228698587, 0.6128176023638622, 0.6131747400751993, 0.6147066034545091, 0.6161073852012837, 0.6170107572280845, 0.6181400277913406, 0.6182052953509805, 0.6210815993537931, 0.6263227304023181, 0.6300779072408574, 0.6313141613263014, 0.631655913131623, 0.6319458031206785, 0.6326454669590018, 0.6330503328845473, 0.6366072033754847, 0.6368035651830907, 0.639802960630047, 0.6405420823961991, 0.640940294921397, 0.6419031228259208, 0.6437458899213341, 0.6462479599663817, 0.6463434433285742, 0.6465819801164474, 0.6477145280418948, 0.6481394279823164, 0.6489143841950341, 0.6489499231575997, 0.6492245889454753, 0.6492817295162919, 0.6498236158273688, 0.6510657174816915, 0.6533261568273471, 0.6539337510016815, 0.6555162281623306, 0.6560571039752479, 0.6563675104757882, 0.6566092314551898, 0.6566207847979679, 0.6572742698474848, 0.6581360919102415, 0.6585337755105566, 0.6597432722309167, 0.6609071993481812, 0.6612851679447446, 0.6623500472115519, 0.6627416531209731, 0.6633052743871243, 0.6635439995532009, 0.6675580789876951, 0.6693053605622089, 0.6693858275511391, 0.6698722287414951, 0.6705412798071876, 0.6706955500159462, 0.6711868519024481, 0.6714153951405091, 0.671720385645444, 0.6721224517144896, 0.6725760762238434, 0.6736059929106964, 0.6736119116309439, 0.6757697672913725, 0.676909538543411, 0.6775100145502911, 0.6776453023989756, 0.6788119462809402, 0.6806375667632696, 0.6822067147624034, 0.6832093070955919, 0.684398413355262, 0.6847110754678551, 0.6855313327030156, 0.6858104244552896, 0.6872835065437953, 0.6881713096376237, 0.6891467611148637, 0.6904203743184499, 0.6918389895677665, 0.6951338489222192, 0.6963746861433436, 0.6964404084914748, 0.6971171995335815, 0.6974858454299018, 0.6975560167408037, 0.6987965846462647, 0.6998224135553012, 0.7007897546021743, 0.7010335873431086, 0.7058140141807266, 0.7058733272669926, 0.7069128753046804, 0.7101042531231467, 0.7103789039433177, 0.7107063865315243, 0.7107559239900956, 0.7108861034043084, 0.7128334694135547, 0.7129777619748687, 0.7130457350146883, 0.713124085700883, 0.7140181304559073, 0.7141765550373055, 0.7150669597317956, 0.7163897418349989, 0.7174448086371877, 0.7182758423441955, 0.7192277111169686, 0.7215873365219402, 0.7240069296763585, 0.7251533428085503, 0.7279047335571048, 0.7281481235508108, 0.7289196030813089, 0.7305312684305384, 0.7312855884838023, 0.7322596758392559, 0.7326169575105517, 0.7352992817679421, 0.7354241958374305, 0.7361784417208315, 0.7374147439251872, 0.7374890911217435, 0.7377863367481025, 0.738784987587342, 0.7390715414581578, 0.7401731439294694, 0.740575646906716, 0.7415898279730304, 0.7429828262455717, 0.7436985682467602, 0.745505298413487, 0.7457307124622882, 0.7481105160916641, 0.7482381660338879, 0.7482937177370271, 0.7488924388899162, 0.7493836808813238, 0.749783779586382, 0.7510533544472782, 0.7526851623904337, 0.7539654873178753, 0.756073479323786, 0.7592447554496977, 0.7607322507283736, 0.7622453434132823, 0.7651914741324728, 0.766014469775878, 0.766569243638577, 0.7670017464206355, 0.7672868728666604, 0.76733509681507, 0.7676143730040166, 0.7694070751882778, 0.7714363525294436, 0.771930735406428, 0.7738867562995688, 0.7761995843174477, 0.7770767402539341, 0.7782505264676783, 0.7791480915948543, 0.779408360017708, 0.7796525814616448, 0.7799386946395813, 0.780342557643451, 0.7804113939555887, 0.7815931024380782, 0.7854765986361151, 0.7859498808275309, 0.7862020163317959, 0.7870340102534444, 0.787103436744057, 0.7874431296014905, 0.7883549902911563, 0.7888083211430243, 0.7893105933850969, 0.7895616691042353, 0.7903992715673097, 0.7905388990951472, 0.7926889328115174, 0.7930127497205595, 0.7931406495137827, 0.7933244690358742, 0.7947526555135428, 0.7949444020177462, 0.7974037771691962, 0.7989870751330028, 0.8003392990094296, 0.8012582005254619, 0.8045051566516317, 0.8047672175908116, 0.8048331384402572, 0.8055407905269043, 0.8061240731624936, 0.8068097924646086, 0.8071441179027083, 0.8074388724079591, 0.8086706882182707, 0.8090381428823861, 0.8095776927060759, 0.8096373092764236, 0.8108507699984887, 0.8120958221292048, 0.8123921251481222, 0.8145156420949824, 0.815431399634417, 0.8156088142871254, 0.8164199705375034, 0.819148956166957, 0.8198092371671354, 0.8201279230282188, 0.8203304457063385, 0.8212484506171873, 0.8228436900260456, 0.8231128602558732, 0.8231610253515944, 0.8233072723429166, 0.8250564220648643, 0.8251993475402835, 0.8258220877041026, 0.8282374239740037, 0.8297462435392854, 0.831804134735915, 0.833501906979943, 0.8344886221064464, 0.8352596843838549, 0.8358645661145861, 0.8369312200736293, 0.8392884835475655, 0.8394957474946415, 0.8411463416505292, 0.8419280802047686, 0.8425266499345607, 0.842791364141679, 0.8459429431481095, 0.8477777200877241, 0.8503931548633022, 0.8507338779584893, 0.8528367110662608, 0.8545173162939073, 0.8563044564120541, 0.8568316250836107, 0.8570443158646647, 0.8585997584253109, 0.8601896113875012, 0.8602436301673496, 0.8603702790497372, 0.863004120009204, 0.8631867885207054, 0.8639513687713606, 0.8645720232932749, 0.8678745047817651, 0.8682122778612276, 0.8685155392540509, 0.8697969409221114, 0.870237195498672, 0.8707862065442636, 0.8720199193752225, 0.8720468715116843, 0.8726604675323099, 0.8742384253788643, 0.874907019515141, 0.8760262338218134, 0.8765651398016017, 0.8807175287180422, 0.8819329394031938, 0.8831528366636706, 0.8832460304335937, 0.8837156317302902, 0.884081673618551, 0.8858285842186099, 0.8869967494057504, 0.8874033159039181, 0.8895816282355811, 0.8902528485460133, 0.8926057211181172, 0.892985573257975, 0.8934555050327707, 0.8940642978371667, 0.8943454516340738, 0.8947254152781954, 0.8948788384393779, 0.8950388211768455, 0.8960391313762077, 0.8988429541720442, 0.8994141146748892, 0.8995602218786642, 0.9002804870943343, 0.9018910373342687, 0.9019255809264518, 0.9023859950810016, 0.9038036133896851, 0.9038081024426496, 0.9040066409244165, 0.9064817000169153, 0.9070018186550783, 0.9074792027676133, 0.9090533808249989, 0.909632648953883, 0.9109591953075943, 0.9142154483630525, 0.9154255622725823, 0.9157886737613211, 0.9168899631722955, 0.9184530813261342, 0.9185227001150155, 0.9187908968202557, 0.9214829061035815, 0.921531929121351, 0.9233092579135211, 0.924019283798937, 0.9252199452460599, 0.9268363740215988, 0.9277592735420507, 0.9289918794114563, 0.9292161674707713, 0.9298477340798207, 0.9328344989588547, 0.9335972757274008, 0.9362414344977181, 0.9362794162777113, 0.9366056088020813, 0.9371408624329207, 0.9379971199008987, 0.938230375775323, 0.939210514933096, 0.9432512294153229, 0.9442225357936527, 0.9452698072360026, 0.9454637743226998, 0.9465827918668828, 0.9467986086521848, 0.9471307802193638, 0.9473226434814868, 0.9503736635612372, 0.9504649258035461, 0.9507783250583719, 0.9517604769637881, 0.9528447563791771, 0.9532062906881318, 0.954188524768965, 0.9542978898172103, 0.954771395911964, 0.9566334626070221, 0.9567636648443089, 0.9581079298123472, 0.9581227748342266, 0.9581822571146066, 0.9587187907257164, 0.959310213726995, 0.959700390681454, 0.960811044843996, 0.9612558217890655, 0.9640208364134141, 0.964251277511803, 0.9644224408921127, 0.9652374744390717, 0.9654200299459996, 0.966283399076032, 0.9676518107050994, 0.9679234548773751, 0.9679784527541792, 0.968755224523214, 0.9740056868507712, 0.9748280176434889, 0.976122626374801, 0.9767254055350318, 0.9784734157520109, 0.979699064667582, 0.979756307490017, 0.9811353730955619, 0.9812014758967638, 0.9815570719662756, 0.9858806552210266, 0.9865395104119077, 0.9900963214662926, 0.9901289931932118, 0.9912474637549311, 0.9918599686884432, 0.9953961872605924, 0.99548195873458, 0.9967671640655862, 0.9984173829274583, 0.9985852535058382, 0.9994503767718647]
--- 0.035904645919799805 seconds ---

Sorted by inplace quick sort: 
[0.00011796903897776101, 0.0017478708747712401, 0.0018561119665675418, 0.002115478668370585, 0.0038168195860385223, 0.0055656746684329406, 0.006521733380771111, 0.006780267064609213, 0.007983924910723084, 0.009644083633273848, 0.009855582386725348, 0.009872910625136622, 0.009950355619282147, 0.01054485414698747, 0.012591332017044654, 0.013343596991616358, 0.014553429295246167, 0.017333091169368875, 0.017828836556846528, 0.018208340873899775, 0.020084246660146743, 0.0201154309595587, 0.02048115550822116, 0.020857874130901788, 0.020991159490830635, 0.02240910960093756, 0.022432421914903244, 0.02260429546330678, 0.023109580143439556, 0.024188917457699133, 0.02425144558059733, 0.025128552481717525, 0.027385259902416803, 0.028294457937480977, 0.029985041610334884, 0.030119092547661097, 0.030301037274692022, 0.0320153024111377, 0.03343799913147394, 0.034155301415696226, 0.03568736739331724, 0.038743906378858606, 0.03924314391828687, 0.040339460601969246, 0.04131556518044566, 0.04241816660270126, 0.04243948527084063, 0.04257982062586574, 0.04273189054979787, 0.043617560805958355, 0.04475566944934639, 0.04644535666520999, 0.047004145381178586, 0.05032946316105891, 0.05079651605311275, 0.051707260877149386, 0.051758683883258993, 0.052702899053114316, 0.05335287030204816, 0.053659522756843714, 0.054045032903519474, 0.054742250128148595, 0.05576212873256303, 0.05598292204475852, 0.057681121414330905, 0.058010375216393406, 0.05804397161638852, 0.059158549215119205, 0.059653735667759555, 0.06017137768558822, 0.06131596627053004, 0.061340238459029695, 0.06197770974442274, 0.062314245972818205, 0.06343920039432971, 0.06353857110603967, 0.06357257509546066, 0.06373285696585995, 0.06449994987632901, 0.06474990609193987, 0.06487123521806049, 0.06634119506286695, 0.0668164915822046, 0.06733499236188845, 0.06890523920411906, 0.06903640400720013, 0.07027801021394764, 0.07093168428523089, 0.07113192232490706, 0.07193023852479663, 0.07221202627483181, 0.07314182571030503, 0.0746499949086048, 0.07484113785927737, 0.0767146645637844, 0.07720927867199334, 0.08068562794416478, 0.08089704966853328, 0.08100222113641609, 0.08176785596585667, 0.08494570528427625, 0.08499411081460162, 0.08762793470151364, 0.08788289767653223, 0.09023819682534062, 0.09096224568627742, 0.09184975634521664, 0.09221176237033812, 0.09266187057986075, 0.09360958668198915, 0.09442218699276061, 0.09495204500243315, 0.09544941613370106, 0.09620339742478856, 0.097688423188937, 0.10018063025217017, 0.10106297227915617, 0.10261111952346824, 0.10399020616793297, 0.10451017508203453, 0.10488670399805089, 0.10502198203703428, 0.10508239583216938, 0.1054915905961532, 0.10626676856349626, 0.10649269480543078, 0.10720429974345835, 0.10765905358344663, 0.11002235705683283, 0.11090508987004744, 0.11665595477234747, 0.1170518632131281, 0.11738278881788855, 0.11834973308816532, 0.1211065937083694, 0.12146557540607184, 0.1218728119175363, 0.12461159087823637, 0.12479701203493454, 0.1248256350347704, 0.1259269316170546, 0.12593066637973427, 0.12625895917893992, 0.1271370418431953, 0.12879629368673562, 0.1303263586235195, 0.1327644757857157, 0.13501891063983917, 0.13629748987489576, 0.13781466181515867, 0.1381166233534441, 0.13846980514585516, 0.13942104260035992, 0.13949649151319699, 0.14307070892541351, 0.14374466100131056, 0.14382313971056893, 0.14402002038195594, 0.1449988572044526, 0.14957080731797756, 0.1497676524936138, 0.14983703891340594, 0.15255884870429037, 0.1548196314187722, 0.1548235061655121, 0.15622143073232364, 0.15692413748852208, 0.15821574983457565, 0.16063525600791073, 0.16137282951765386, 0.16273586375231364, 0.1650813366846957, 0.1652886406843309, 0.1655474939024456, 0.16593716740438136, 0.16706400707652702, 0.1681051949700878, 0.16934006108225863, 0.17077397910329628, 0.17078655585464064, 0.1723587333936356, 0.17390958834194314, 0.1750835908039795, 0.17749878763091287, 0.17810573780489247, 0.17902435531994254, 0.17930067824130203, 0.18062033567145652, 0.18094032472819044, 0.18292274494483352, 0.18347985350171647, 0.18433886763367935, 0.18536522366700825, 0.18581121845174686, 0.18621967501505843, 0.18622650787235406, 0.18729498723296367, 0.18738261681502077, 0.18859534676396927, 0.18927869356410254, 0.1895366837290977, 0.1897415509816457, 0.1902293615391788, 0.19237011771418666, 0.19264000647363178, 0.19316605863073977, 0.19322006396600044, 0.1946263724460725, 0.19563698515133632, 0.19682525617795965, 0.1969744838220604, 0.1974906561384493, 0.19903829874701606, 0.1999338087145034, 0.20053105452054132, 0.20169923241336218, 0.20299315042470512, 0.2032083930358386, 0.20358787076312823, 0.2040007797625054, 0.20502344202580225, 0.20515969550321522, 0.20660229992036383, 0.20674353227784525, 0.20686282151420665, 0.20706066790614863, 0.20764778798154604, 0.2083502001232741, 0.20879999323105536, 0.20960969682181707, 0.211635037370565, 0.21231485602268285, 0.21454980299975934, 0.21477422429502835, 0.21516424345292295, 0.21522738430130572, 0.21543471698847527, 0.21674606791428563, 0.2168646432653507, 0.21805827388316257, 0.2188282885224876, 0.21918606305250965, 0.21947781139940303, 0.220006031006318, 0.22093339138713208, 0.2224005976215595, 0.22304515695890215, 0.22372230798764792, 0.2240414017544854, 0.2249524974932059, 0.226564727693934, 0.22802900364339962, 0.23048129505529447, 0.23086672519049722, 0.23136873561800675, 0.23627657432701143, 0.2364514768763527, 0.2369768861041298, 0.2387229375074943, 0.23907423072442935, 0.23917951356224343, 0.23943218829103952, 0.2394693557748886, 0.2395866188043856, 0.23987054631383964, 0.24046885249666983, 0.24050691472388086, 0.24262262218596153, 0.2426837076259769, 0.24416744051057782, 0.2445156046864625, 0.24635017031669704, 0.24675927605540693, 0.24692747256369063, 0.24803923265355243, 0.2482035125768457, 0.24873702545042808, 0.25059115076211536, 0.2511761977141377, 0.25466230693554404, 0.257639409634551, 0.2598150041017837, 0.2606139338803264, 0.2628617090999178, 0.26334912795887944, 0.26347314008819434, 0.26379580773860667, 0.2638485854932633, 0.2644815943486468, 0.26607545463199445, 0.2672626273082136, 0.26729851703140195, 0.26731270157931275, 0.26771937417372615, 0.26787113859276424, 0.2698818342868038, 0.2724880667788986, 0.27318899709199396, 0.27344198564796285, 0.27460287449947374, 0.2752953142526382, 0.27603894992159594, 0.27723476561303373, 0.28039628011416473, 0.2813300796798234, 0.281993121907368, 0.28351557775923164, 0.28605343365873004, 0.2873166587862751, 0.2876845845757722, 0.287735275249677, 0.289577825187309, 0.2914994080385548, 0.2920765494196902, 0.2940084585407756, 0.294363466555692, 0.29504236263952277, 0.29540775340001557, 0.2973306047785337, 0.2973727143385797, 0.29890945776096045, 0.2991091426879994, 0.3025710397223009, 0.3060108475379524, 0.3072593630498053, 0.3077268977178951, 0.3083443085152403, 0.31045961155990964, 0.31060242386962555, 0.31353832018041583, 0.319106759870986, 0.3191853405960725, 0.3204574991609874, 0.32057792055454404, 0.3210980894279378, 0.32110341321605274, 0.32161589654624034, 0.321641124022521, 0.323305575273545, 0.32335103128820375, 0.3234862173685449, 0.32410356951007824, 0.32562206007809424, 0.3270484780196028, 0.3327802885423088, 0.3335577659244383, 0.3350290528260754, 0.33586646173337587, 0.3358680069781421, 0.33720383327189307, 0.33723214088640274, 0.33789316218359733, 0.3393087276954042, 0.3409040021604963, 0.34246655582620555, 0.3434628205255583, 0.3435631962627054, 0.34414793475717287, 0.344546035150352, 0.3461541395513378, 0.34670061926063045, 0.34836958181571986, 0.34843157393436386, 0.3486939047952171, 0.34902016144612946, 0.34937496400490964, 0.3499774085786417, 0.35223691645693755, 0.3606042665213606, 0.3615322018744822, 0.3623404979172047, 0.36400693743933354, 0.3657643997916311, 0.3661286373467969, 0.3662910486731925, 0.36829464858048233, 0.36935685249068984, 0.3700669049234546, 0.37013078072352457, 0.3718000753964983, 0.3725868081699363, 0.37283128287388956, 0.3728976428256394, 0.37429479679616207, 0.3745815702614288, 0.37504035547369785, 0.375126801487331, 0.3782642724557804, 0.3801617582921303, 0.380873458483193, 0.3819632573304189, 0.3836445150092007, 0.384111965057396, 0.3842626176876345, 0.3859414766806071, 0.3888367478261384, 0.389382789719648, 0.39012037569940317, 0.39096156202500176, 0.3919185812092515, 0.39373892232568763, 0.39398285262598154, 0.3941861880023151, 0.394272854970912, 0.3946406432335152, 0.39490577653990566, 0.39549749153601355, 0.3974285587368078, 0.3975376773626288, 0.39832599694659554, 0.39864765383536493, 0.39956258514913023, 0.40056205617484886, 0.4014829300265095, 0.401642544437958, 0.4022299053505348, 0.4049662809743988, 0.4055427397479736, 0.40725528710098435, 0.40864939359881136, 0.4090298790164285, 0.4101988922907541, 0.4128949880523324, 0.4129221293244346, 0.41515996458308657, 0.4151896738597761, 0.41757481082352754, 0.41775489507747576, 0.4178036560829288, 0.41884633202255717, 0.4204278166488974, 0.4217738492098828, 0.42246984944343324, 0.4236591574214653, 0.4255650073863203, 0.42651442453565236, 0.42685543790441827, 0.4271358623806806, 0.4272409861541546, 0.4273512620470764, 0.42742236444203086, 0.42771347566913076, 0.4318660796131083, 0.4324213264331268, 0.432967753066117, 0.4330540687396136, 0.4338019879874686, 0.4338757145053187, 0.43622259113916073, 0.43649950623089606, 0.43797280200077726, 0.4383345557177585, 0.4399256910308226, 0.4400844722411621, 0.44374177248644764, 0.4439706830094762, 0.4440123588314897, 0.44597999649429476, 0.44765347307264003, 0.44795134189058483, 0.44819002572996125, 0.4491546526742912, 0.4494927785705992, 0.4496281359933252, 0.4504067166646155, 0.45401819709175073, 0.45454682591839435, 0.4564867791915719, 0.45869970797201665, 0.4587467255366898, 0.4613479736265155, 0.4617585243532457, 0.4622958438415764, 0.4634197740074173, 0.4648990107658735, 0.4659429120791161, 0.4660910831728956, 0.46725848067545606, 0.4682610793449815, 0.4687792165214464, 0.47068992977808866, 0.4711735386900835, 0.47225440592441603, 0.4741325295743912, 0.47538954756214424, 0.47708363468123316, 0.4776839053325901, 0.4782989109247806, 0.48031380623998976, 0.48032116075589926, 0.4808933630131681, 0.4813374097547436, 0.48199660277291245, 0.4822964353222964, 0.4828396895124599, 0.48301483180628824, 0.4839284727560499, 0.48580040199810093, 0.48587862697627027, 0.48781041522572366, 0.4883314597426436, 0.4888234712298305, 0.48946505567544696, 0.49206212217034184, 0.49241624077046453, 0.49310759898644363, 0.49409645135354174, 0.49649900534734126, 0.49787103203419325, 0.4982900515010137, 0.5007347581060837, 0.5040942085916661, 0.5053617370345547, 0.5063484954436894, 0.5078839971754773, 0.5093909491743506, 0.5094676502187537, 0.5098609557548395, 0.5107009022481744, 0.5112254508351486, 0.5120239326394743, 0.5140387181289638, 0.5150567665526989, 0.5164711720621074, 0.5201863296123741, 0.5231691642678781, 0.5240154179825849, 0.5250734285132445, 0.5264491626550095, 0.528289119090352, 0.5321186152977865, 0.5337592498196168, 0.5339032527500933, 0.5352887589165123, 0.5371691520154047, 0.5372129121051713, 0.5374794704276019, 0.5378809909428828, 0.5392575516090884, 0.5397248888261252, 0.5412165128302299, 0.542403169141961, 0.5438798633748901, 0.5444807655327716, 0.5461562464266004, 0.5464017807372842, 0.5466171471321475, 0.5477823768304673, 0.5485218393995268, 0.5495705297472576, 0.550503186969854, 0.5517011495647242, 0.5534080005938106, 0.5557599817212432, 0.5580549655524077, 0.5596629580572676, 0.5607213770081362, 0.5614121810129434, 0.5628754872349275, 0.5660702125698676, 0.5674536774268336, 0.5698204542891401, 0.5720133026191855, 0.5720399883771642, 0.5722854518052487, 0.5723594838733135, 0.5729374217670343, 0.574733810360392, 0.5753392476172812, 0.5762154220041042, 0.5772170161240252, 0.5794786530170064, 0.579599332376822, 0.5809711826423436, 0.5816847484317047, 0.5822516483769253, 0.583310288226176, 0.584236430837794, 0.5902142155638576, 0.590851725676626, 0.5908523497569057, 0.5910498709228085, 0.5913337411827307, 0.5913799558127857, 0.5929410890833822, 0.5931162450393584, 0.5931549283343962, 0.5932710262220228, 0.5945966746771584, 0.5949904653371979, 0.5960808297600366, 0.5965845592354334, 0.5968487465723398, 0.5978716314772714, 0.5984075568778342, 0.5984121019010791, 0.5986932653176464, 0.5996068678035432, 0.6016151889276237, 0.6020981309458104, 0.6022076274928111, 0.6030280143841743, 0.6031527657236316, 0.6031958621902501, 0.6033254841740175, 0.6034904812241662, 0.6039454691601317, 0.6042649901536303, 0.6045276810402918, 0.6055948483527064, 0.6087005268393968, 0.6123377849277959, 0.612388941792524, 0.6124813228698587, 0.6128176023638622, 0.6131747400751993, 0.6147066034545091, 0.6161073852012837, 0.6170107572280845, 0.6181400277913406, 0.6182052953509805, 0.6210815993537931, 0.6263227304023181, 0.6300779072408574, 0.6313141613263014, 0.631655913131623, 0.6319458031206785, 0.6326454669590018, 0.6330503328845473, 0.6366072033754847, 0.6368035651830907, 0.639802960630047, 0.6405420823961991, 0.640940294921397, 0.6419031228259208, 0.6437458899213341, 0.6462479599663817, 0.6463434433285742, 0.6465819801164474, 0.6477145280418948, 0.6481394279823164, 0.6489143841950341, 0.6489499231575997, 0.6492245889454753, 0.6492817295162919, 0.6498236158273688, 0.6510657174816915, 0.6533261568273471, 0.6539337510016815, 0.6555162281623306, 0.6560571039752479, 0.6563675104757882, 0.6566092314551898, 0.6566207847979679, 0.6572742698474848, 0.6581360919102415, 0.6585337755105566, 0.6597432722309167, 0.6609071993481812, 0.6612851679447446, 0.6623500472115519, 0.6627416531209731, 0.6633052743871243, 0.6635439995532009, 0.6675580789876951, 0.6693053605622089, 0.6693858275511391, 0.6698722287414951, 0.6705412798071876, 0.6706955500159462, 0.6711868519024481, 0.6714153951405091, 0.671720385645444, 0.6721224517144896, 0.6725760762238434, 0.6736059929106964, 0.6736119116309439, 0.6757697672913725, 0.676909538543411, 0.6775100145502911, 0.6776453023989756, 0.6788119462809402, 0.6806375667632696, 0.6822067147624034, 0.6832093070955919, 0.684398413355262, 0.6847110754678551, 0.6855313327030156, 0.6858104244552896, 0.6872835065437953, 0.6881713096376237, 0.6891467611148637, 0.6904203743184499, 0.6918389895677665, 0.6951338489222192, 0.6963746861433436, 0.6964404084914748, 0.6971171995335815, 0.6974858454299018, 0.6975560167408037, 0.6987965846462647, 0.6998224135553012, 0.7007897546021743, 0.7010335873431086, 0.7058140141807266, 0.7058733272669926, 0.7069128753046804, 0.7101042531231467, 0.7103789039433177, 0.7107063865315243, 0.7107559239900956, 0.7108861034043084, 0.7128334694135547, 0.7129777619748687, 0.7130457350146883, 0.713124085700883, 0.7140181304559073, 0.7141765550373055, 0.7150669597317956, 0.7163897418349989, 0.7174448086371877, 0.7182758423441955, 0.7192277111169686, 0.7215873365219402, 0.7240069296763585, 0.7251533428085503, 0.7279047335571048, 0.7281481235508108, 0.7289196030813089, 0.7305312684305384, 0.7312855884838023, 0.7322596758392559, 0.7326169575105517, 0.7352992817679421, 0.7354241958374305, 0.7361784417208315, 0.7374147439251872, 0.7374890911217435, 0.7377863367481025, 0.738784987587342, 0.7390715414581578, 0.7401731439294694, 0.740575646906716, 0.7415898279730304, 0.7429828262455717, 0.7436985682467602, 0.745505298413487, 0.7457307124622882, 0.7481105160916641, 0.7482381660338879, 0.7482937177370271, 0.7488924388899162, 0.7493836808813238, 0.749783779586382, 0.7510533544472782, 0.7526851623904337, 0.7539654873178753, 0.756073479323786, 0.7592447554496977, 0.7607322507283736, 0.7622453434132823, 0.7651914741324728, 0.766014469775878, 0.766569243638577, 0.7670017464206355, 0.7672868728666604, 0.76733509681507, 0.7676143730040166, 0.7694070751882778, 0.7714363525294436, 0.771930735406428, 0.7738867562995688, 0.7761995843174477, 0.7770767402539341, 0.7782505264676783, 0.7791480915948543, 0.779408360017708, 0.7796525814616448, 0.7799386946395813, 0.780342557643451, 0.7804113939555887, 0.7815931024380782, 0.7854765986361151, 0.7859498808275309, 0.7862020163317959, 0.7870340102534444, 0.787103436744057, 0.7874431296014905, 0.7883549902911563, 0.7888083211430243, 0.7893105933850969, 0.7895616691042353, 0.7903992715673097, 0.7905388990951472, 0.7926889328115174, 0.7930127497205595, 0.7931406495137827, 0.7933244690358742, 0.7947526555135428, 0.7949444020177462, 0.7974037771691962, 0.7989870751330028, 0.8003392990094296, 0.8012582005254619, 0.8045051566516317, 0.8047672175908116, 0.8048331384402572, 0.8055407905269043, 0.8061240731624936, 0.8068097924646086, 0.8071441179027083, 0.8074388724079591, 0.8086706882182707, 0.8090381428823861, 0.8095776927060759, 0.8096373092764236, 0.8108507699984887, 0.8120958221292048, 0.8123921251481222, 0.8145156420949824, 0.815431399634417, 0.8156088142871254, 0.8164199705375034, 0.819148956166957, 0.8198092371671354, 0.8201279230282188, 0.8203304457063385, 0.8212484506171873, 0.8228436900260456, 0.8231128602558732, 0.8231610253515944, 0.8233072723429166, 0.8250564220648643, 0.8251993475402835, 0.8258220877041026, 0.8282374239740037, 0.8297462435392854, 0.831804134735915, 0.833501906979943, 0.8344886221064464, 0.8352596843838549, 0.8358645661145861, 0.8369312200736293, 0.8392884835475655, 0.8394957474946415, 0.8411463416505292, 0.8419280802047686, 0.8425266499345607, 0.842791364141679, 0.8459429431481095, 0.8477777200877241, 0.8503931548633022, 0.8507338779584893, 0.8528367110662608, 0.8545173162939073, 0.8563044564120541, 0.8568316250836107, 0.8570443158646647, 0.8585997584253109, 0.8601896113875012, 0.8602436301673496, 0.8603702790497372, 0.863004120009204, 0.8631867885207054, 0.8639513687713606, 0.8645720232932749, 0.8678745047817651, 0.8682122778612276, 0.8685155392540509, 0.8697969409221114, 0.870237195498672, 0.8707862065442636, 0.8720199193752225, 0.8720468715116843, 0.8726604675323099, 0.8742384253788643, 0.874907019515141, 0.8760262338218134, 0.8765651398016017, 0.8807175287180422, 0.8819329394031938, 0.8831528366636706, 0.8832460304335937, 0.8837156317302902, 0.884081673618551, 0.8858285842186099, 0.8869967494057504, 0.8874033159039181, 0.8895816282355811, 0.8902528485460133, 0.8926057211181172, 0.892985573257975, 0.8934555050327707, 0.8940642978371667, 0.8943454516340738, 0.8947254152781954, 0.8948788384393779, 0.8950388211768455, 0.8960391313762077, 0.8988429541720442, 0.8994141146748892, 0.8995602218786642, 0.9002804870943343, 0.9018910373342687, 0.9019255809264518, 0.9023859950810016, 0.9038036133896851, 0.9038081024426496, 0.9040066409244165, 0.9064817000169153, 0.9070018186550783, 0.9074792027676133, 0.9090533808249989, 0.909632648953883, 0.9109591953075943, 0.9142154483630525, 0.9154255622725823, 0.9157886737613211, 0.9168899631722955, 0.9184530813261342, 0.9185227001150155, 0.9187908968202557, 0.9214829061035815, 0.921531929121351, 0.9233092579135211, 0.924019283798937, 0.9252199452460599, 0.9268363740215988, 0.9277592735420507, 0.9289918794114563, 0.9292161674707713, 0.9298477340798207, 0.9328344989588547, 0.9335972757274008, 0.9362414344977181, 0.9362794162777113, 0.9366056088020813, 0.9371408624329207, 0.9379971199008987, 0.938230375775323, 0.939210514933096, 0.9432512294153229, 0.9442225357936527, 0.9452698072360026, 0.9454637743226998, 0.9465827918668828, 0.9467986086521848, 0.9471307802193638, 0.9473226434814868, 0.9503736635612372, 0.9504649258035461, 0.9507783250583719, 0.9517604769637881, 0.9528447563791771, 0.9532062906881318, 0.954188524768965, 0.9542978898172103, 0.954771395911964, 0.9566334626070221, 0.9567636648443089, 0.9581079298123472, 0.9581227748342266, 0.9581822571146066, 0.9587187907257164, 0.959310213726995, 0.959700390681454, 0.960811044843996, 0.9612558217890655, 0.9640208364134141, 0.964251277511803, 0.9644224408921127, 0.9652374744390717, 0.9654200299459996, 0.966283399076032, 0.9676518107050994, 0.9679234548773751, 0.9679784527541792, 0.968755224523214, 0.9740056868507712, 0.9748280176434889, 0.976122626374801, 0.9767254055350318, 0.9784734157520109, 0.979699064667582, 0.979756307490017, 0.9811353730955619, 0.9812014758967638, 0.9815570719662756, 0.9858806552210266, 0.9865395104119077, 0.9900963214662926, 0.9901289931932118, 0.9912474637549311, 0.9918599686884432, 0.9953961872605924, 0.99548195873458, 0.9967671640655862, 0.9984173829274583, 0.9985852535058382, 0.9994503767718647]
--- 0.0019943714141845703 seconds ---
